# Interpolated hazard curve at T = 1.8800 s
2.500000e-03 7.232791e-01
2.598675e-03 7.047863e-01
2.701244e-03 6.867663e-01
2.807862e-03 6.692070e-01
2.918688e-03 6.520967e-01
3.033888e-03 6.354239e-01
3.153635e-03 6.191773e-01
3.278109e-03 6.033462e-01
3.407495e-03 5.879198e-01
3.541989e-03 5.728878e-01
3.681791e-03 5.582402e-01
3.827110e-03 5.430718e-01
3.978166e-03 5.281884e-01
4.135184e-03 5.137130e-01
4.298399e-03 4.996342e-01
4.468056e-03 4.859413e-01
4.644410e-03 4.726237e-01
4.827724e-03 4.596710e-01
5.018274e-03 4.470733e-01
5.216345e-03 4.348209e-01
5.422233e-03 4.229042e-01
5.636248e-03 4.110409e-01
5.858710e-03 3.981847e-01
6.089952e-03 3.857306e-01
6.330322e-03 3.736661e-01
6.580179e-03 3.619789e-01
6.839898e-03 3.506573e-01
7.109868e-03 3.396897e-01
7.390494e-03 3.290652e-01
7.682195e-03 3.187730e-01
7.985411e-03 3.088027e-01
8.300594e-03 2.991443e-01
8.628217e-03 2.892040e-01
8.968772e-03 2.793438e-01
9.322768e-03 2.698197e-01
9.690737e-03 2.606203e-01
1.007323e-02 2.517346e-01
1.047082e-02 2.431518e-01
1.088410e-02 2.348617e-01
1.131369e-02 2.268542e-01
1.176024e-02 2.191197e-01
1.222442e-02 2.116489e-01
1.270692e-02 2.042715e-01
1.320846e-02 1.965945e-01
1.372979e-02 1.892060e-01
1.427171e-02 1.820951e-01
1.483501e-02 1.752515e-01
1.542054e-02 1.686651e-01
1.602919e-02 1.623263e-01
1.666186e-02 1.562256e-01
1.731950e-02 1.503543e-01
1.800310e-02 1.447036e-01
1.871368e-02 1.392653e-01
1.945231e-02 1.337480e-01
2.022009e-02 1.282741e-01
2.101817e-02 1.230242e-01
2.184776e-02 1.179892e-01
2.271009e-02 1.131602e-01
2.360645e-02 1.085289e-01
2.453819e-02 1.040871e-01
2.550671e-02 9.982715e-02
2.651346e-02 9.574152e-02
2.755994e-02 9.182309e-02
2.864773e-02 8.799431e-02
2.977845e-02 8.409127e-02
3.095381e-02 8.036135e-02
3.217555e-02 7.679687e-02
3.344551e-02 7.339050e-02
3.476560e-02 7.013522e-02
3.613780e-02 6.702433e-02
3.756415e-02 6.405143e-02
3.904680e-02 6.121039e-02
4.058798e-02 5.849536e-02
4.218998e-02 5.590077e-02
4.385521e-02 5.329649e-02
4.558617e-02 5.076008e-02
4.738545e-02 4.834438e-02
4.925575e-02 4.604364e-02
5.119987e-02 4.385240e-02
5.322072e-02 4.176544e-02
5.532134e-02 3.977780e-02
5.750486e-02 3.788475e-02
5.977457e-02 3.608180e-02
6.213387e-02 3.436465e-02
6.458629e-02 3.270570e-02
6.713550e-02 3.105433e-02
6.978533e-02 2.948633e-02
7.253975e-02 2.799751e-02
7.540288e-02 2.658387e-02
7.837902e-02 2.524160e-02
8.147263e-02 2.396710e-02
8.468835e-02 2.275695e-02
8.803099e-02 2.160791e-02
9.150556e-02 2.051689e-02
9.511727e-02 1.948095e-02
9.887154e-02 1.845074e-02
1.027740e-01 1.746121e-02
1.068305e-01 1.652474e-02
1.110470e-01 1.563850e-02
1.154301e-01 1.479979e-02
1.199861e-01 1.400606e-02
1.247219e-01 1.325490e-02
1.296447e-01 1.254402e-02
1.347617e-01 1.187127e-02
1.400808e-01 1.123460e-02
1.456097e-01 1.061799e-02
1.513569e-01 1.000227e-02
1.573310e-01 9.422246e-03
1.635408e-01 8.875860e-03
1.699957e-01 8.361158e-03
1.767054e-01 7.876303e-03
1.836800e-01 7.419564e-03
1.909298e-01 6.989311e-03
1.984658e-01 6.584008e-03
2.062992e-01 6.202208e-03
2.144418e-01 5.842549e-03
2.229058e-01 5.474992e-03
2.317039e-01 5.124380e-03
2.408492e-01 4.796221e-03
2.503555e-01 4.489076e-03
2.602370e-01 4.201601e-03
2.705085e-01 3.932535e-03
2.811854e-01 3.680700e-03
2.922838e-01 3.444993e-03
3.038202e-01 3.224379e-03
3.158119e-01 3.017894e-03
3.282770e-01 2.816442e-03
3.412341e-01 2.613585e-03
3.547025e-01 2.425339e-03
3.687026e-01 2.250652e-03
3.832552e-01 2.088546e-03
3.983823e-01 1.938116e-03
4.141064e-01 1.798522e-03
4.304511e-01 1.668981e-03
4.474409e-01 1.548771e-03
4.651014e-01 1.437219e-03
4.834589e-01 1.333702e-03
5.025409e-01 1.225559e-03
5.223762e-01 1.124454e-03
5.429943e-01 1.031691e-03
5.644262e-01 9.465802e-04
5.867040e-01 8.684908e-04
6.098612e-01 7.968434e-04
6.339323e-01 7.311067e-04
6.589536e-01 6.707931e-04
6.849624e-01 6.154551e-04
7.119978e-01 5.646823e-04
7.401002e-01 5.151647e-04
7.693119e-01 4.658406e-04
7.996765e-01 4.212389e-04
8.312397e-01 3.809077e-04
8.640486e-01 3.444379e-04
8.981525e-01 3.114599e-04
9.336024e-01 2.816394e-04
9.704516e-01 2.546740e-04
1.008755e+00 2.302904e-04
1.048571e+00 2.082414e-04
1.089958e+00 1.883034e-04
1.132978e+00 1.672177e-04
1.177697e+00 1.484905e-04
1.224180e+00 1.318605e-04
1.272498e+00 1.170930e-04
1.322724e+00 1.039794e-04
1.374932e+00 9.233437e-05
1.429200e+00 8.199353e-05
1.485610e+00 7.281080e-05
1.544247e+00 6.465648e-05
1.605198e+00 5.741538e-05
1.668555e+00 5.041849e-05
1.734413e+00 4.366357e-05
1.802870e+00 3.781366e-05
1.874029e+00 3.274750e-05
1.947997e+00 2.836009e-05
2.024884e+00 2.456049e-05
2.104806e+00 2.126995e-05
2.187882e+00 1.842026e-05
2.274238e+00 1.595237e-05
2.364002e+00 1.381512e-05
2.457309e+00 1.196421e-05
2.554298e+00 9.948529e-06
2.655116e+00 8.262659e-06
2.759913e+00 6.862476e-06
2.868847e+00 5.699566e-06
2.982080e+00 4.733722e-06
3.099782e+00 3.931550e-06
3.222130e+00 3.265313e-06
3.349307e+00 2.711975e-06
3.481504e+00 2.252406e-06
3.618918e+00 1.870715e-06
3.761757e+00 1.496927e-06
3.910233e+00 1.153625e-06
4.064569e+00 8.890554e-07
4.224997e+00 6.851614e-07
4.391757e+00 5.280280e-07
4.565099e+00 4.069312e-07
4.745283e+00 3.136065e-07
4.932579e+00 2.416847e-07
5.127267e+00 1.862572e-07
5.329640e+00 1.435414e-07
5.540000e+00 1.106219e-07
