0.000000	0.400000
0.015038	0.475188
0.030075	0.550376
0.045113	0.625564
0.060150	0.700752
0.075188	0.775940
0.090226	0.851128
0.105263	0.926316
0.120301	1.000000
0.135338	1.000000
0.150376	1.000000
0.165414	1.000000
0.180451	1.000000
0.195489	1.000000
0.210526	1.000000
0.225564	1.000000
0.240602	1.000000
0.255639	1.000000
0.270677	1.000000
0.285714	1.000000
0.300752	1.000000
0.315789	1.000000
0.330827	1.000000
0.345865	1.000000
0.360902	1.000000
0.375940	1.000000
0.390977	1.000000
0.406015	1.000000
0.421053	1.000000
0.436090	1.000000
0.451128	1.000000
0.466165	1.000000
0.481203	1.000000
0.496241	1.000000
0.511278	1.000000
0.526316	1.000000
0.541353	1.000000
0.556391	1.000000
0.571429	1.000000
0.586466	1.000000
0.601504	0.997500
0.616541	0.973171
0.631579	0.950000
0.646617	0.927907
0.661654	0.906818
0.676692	0.886667
0.691729	0.867391
0.706767	0.848936
0.721805	0.831250
0.736842	0.814286
0.751880	0.798000
0.766917	0.782353
0.781955	0.767308
0.796992	0.752830
0.812030	0.738889
0.827068	0.725455
0.842105	0.712500
0.857143	0.700000
0.872180	0.687931
0.887218	0.676271
0.902256	0.665000
0.917293	0.654098
0.932331	0.643548
0.947368	0.633333
0.962406	0.623437
0.977444	0.613846
0.992481	0.604545
1.007519	0.595522
1.022556	0.586765
1.037594	0.578261
1.052632	0.570000
1.067669	0.561972
1.082707	0.554167
1.097744	0.546575
1.112782	0.539189
1.127820	0.532000
1.142857	0.525000
1.157895	0.518182
1.172932	0.511538
1.187970	0.505063
1.203008	0.498750
1.218045	0.492593
1.233083	0.486585
1.248120	0.480723
1.263158	0.475000
1.278195	0.469412
1.293233	0.463953
1.308271	0.458621
1.323308	0.453409
1.338346	0.448315
1.353383	0.443333
1.368421	0.438462
1.383459	0.433696
1.398496	0.429032
1.413534	0.424468
1.428571	0.420000
1.443609	0.415625
1.458647	0.411340
1.473684	0.407143
1.488722	0.403030
1.503759	0.399000
1.518797	0.395050
1.533835	0.391176
1.548872	0.387379
1.563910	0.383654
1.578947	0.380000
1.593985	0.376415
1.609023	0.372897
1.624060	0.369444
1.639098	0.366055
1.654135	0.362727
1.669173	0.359459
1.684211	0.356250
1.699248	0.353097
1.714286	0.350000
1.729323	0.346957
1.744361	0.343966
1.759398	0.341026
1.774436	0.338136
1.789474	0.335294
1.804511	0.332500
1.819549	0.329752
1.834586	0.327049
1.849624	0.324390
1.864662	0.321774
1.879699	0.319200
1.894737	0.316667
1.909774	0.314173
1.924812	0.311719
1.939850	0.309302
1.954887	0.306923
1.969925	0.304580
1.984962	0.302273
2.000000	0.300000
2.015038	0.297761
2.030075	0.295556
2.045113	0.293382
2.060150	0.291241
2.075188	0.289130
2.090226	0.287050
2.105263	0.285000
2.120301	0.282979
2.135338	0.280986
2.150376	0.279021
2.165414	0.277083
2.180451	0.275172
2.195489	0.273288
2.210526	0.271429
2.225564	0.269595
2.240602	0.267785
2.255639	0.266000
2.270677	0.264238
2.285714	0.262500
2.300752	0.260784
2.315789	0.259091
2.330827	0.257419
2.345865	0.255769
2.360902	0.254140
2.375940	0.252532
2.390977	0.250943
2.406015	0.249375
2.421053	0.247826
2.436090	0.246296
2.451128	0.244785
2.466165	0.243293
2.481203	0.241818
2.496241	0.240361
2.511278	0.238922
2.526316	0.237500
2.541353	0.236095
2.556391	0.234706
2.571429	0.233333
2.586466	0.231977
2.601504	0.230636
2.616541	0.229310
2.631579	0.228000
2.646617	0.226705
2.661654	0.225424
2.676692	0.224157
2.691729	0.222905
2.706767	0.221667
2.721805	0.220442
2.736842	0.219231
2.751880	0.218033
2.766917	0.216848
2.781955	0.215676
2.796992	0.214516
2.812030	0.213369
2.827068	0.212234
2.842105	0.211111
2.857143	0.210000
2.872180	0.208901
2.887218	0.207813
2.902256	0.206736
2.917293	0.205670
2.932331	0.204615
2.947368	0.203571
2.962406	0.202538
2.977444	0.201515
2.992481	0.200503
3.007519	0.199500
3.022556	0.198507
3.037594	0.197525
3.052632	0.196552
3.067669	0.195588
3.082707	0.194634
3.097744	0.193689
3.112782	0.192754
3.127820	0.191827
3.142857	0.190909
3.157895	0.190000
3.172932	0.189100
3.187970	0.188208
3.203008	0.187324
3.218045	0.186449
3.233083	0.185581
3.248120	0.184722
3.263158	0.183871
3.278195	0.183028
3.293233	0.182192
3.308271	0.181364
3.323308	0.180543
3.338346	0.179730
3.353383	0.178924
3.368421	0.178125
3.383459	0.177333
3.398496	0.176549
3.413534	0.175771
3.428571	0.175000
3.443609	0.174236
3.458647	0.173478
3.473684	0.172727
3.488722	0.171983
3.503759	0.171245
3.518797	0.170513
3.533835	0.169787
3.548872	0.169068
3.563910	0.168354
3.578947	0.167647
3.593985	0.166946
3.609023	0.166250
3.624060	0.165560
3.639098	0.164876
3.654135	0.164198
3.669173	0.163525
3.684211	0.162857
3.699248	0.162195
3.714286	0.161538
3.729323	0.160887
3.744361	0.160241
3.759398	0.159600
3.774436	0.158964
3.789474	0.158333
3.804511	0.157708
3.819549	0.157087
3.834586	0.156471
3.849624	0.155859
3.864662	0.155253
3.879699	0.154651
3.894737	0.154054
3.909774	0.153462
3.924812	0.152874
3.939850	0.152290
3.954887	0.151711
3.969925	0.151136
3.984962	0.150566
4.000000	0.150000
4.015038	0.149438
4.030075	0.148881
4.045113	0.148327
4.060150	0.147778
4.075188	0.147232
4.090226	0.146691
4.105263	0.146154
4.120301	0.145620
4.135338	0.145091
4.150376	0.144565
4.165414	0.144043
4.180451	0.143525
4.195489	0.143011
4.210526	0.142500
4.225564	0.141993
4.240602	0.141489
4.255639	0.140989
4.270677	0.140493
4.285714	0.140000
4.300752	0.139510
4.315789	0.139024
4.330827	0.138542
4.345865	0.138062
4.360902	0.137586
4.375940	0.137113
4.390977	0.136644
4.406015	0.136177
4.421053	0.135714
4.436090	0.135254
4.451128	0.134797
4.466165	0.134343
4.481203	0.133893
4.496241	0.133445
4.511278	0.133000
4.526316	0.132558
4.541353	0.132119
4.556391	0.131683
4.571429	0.131250
4.586466	0.130820
4.601504	0.130392
4.616541	0.129967
4.631579	0.129545
4.646617	0.129126
4.661654	0.128710
4.676692	0.128296
4.691729	0.127885
4.706767	0.127476
4.721805	0.127070
4.736842	0.126667
4.751880	0.126266
4.766917	0.125868
4.781955	0.125472
4.796992	0.125078
4.812030	0.124688
4.827068	0.124299
4.842105	0.123913
4.857143	0.123529
4.872180	0.123148
4.887218	0.122769
4.902256	0.122393
4.917293	0.122018
4.932331	0.121646
4.947368	0.121277
4.962406	0.120909
4.977444	0.120544
4.992481	0.120181
5.007519	0.119820
5.022556	0.119461
5.037594	0.119104
5.052632	0.118750
5.067669	0.118398
5.082707	0.118047
5.097744	0.117699
5.112782	0.117353
5.127820	0.117009
5.142857	0.116667
5.157895	0.116327
5.172932	0.115988
5.187970	0.115652
5.203008	0.115318
5.218045	0.114986
5.233083	0.114655
5.248120	0.114327
5.263158	0.114000
5.278195	0.113675
5.293233	0.113352
5.308271	0.113031
5.323308	0.112712
5.338346	0.112394
5.353383	0.112079
5.368421	0.111765
5.383459	0.111453
5.398496	0.111142
5.413534	0.110833
5.428571	0.110526
5.443609	0.110221
5.458647	0.109917
5.473684	0.109615
5.488722	0.109315
5.503759	0.109016
5.518797	0.108719
5.533835	0.108424
5.548872	0.108130
5.563910	0.107838
5.578947	0.107547
5.593985	0.107258
5.609023	0.106971
5.624060	0.106684
5.639098	0.106400
5.654135	0.106117
5.669173	0.105836
5.684211	0.105556
5.699248	0.105277
5.714286	0.105000
5.729323	0.104724
5.744361	0.104450
5.759398	0.104178
5.774436	0.103906
5.789474	0.103636
5.804511	0.103368
5.819549	0.103101
5.834586	0.102835
5.849624	0.102571
5.864662	0.102308
5.879699	0.102046
5.894737	0.101786
5.909774	0.101527
5.924812	0.101269
5.939850	0.101013
5.954887	0.100758
5.969925	0.100504
5.984962	0.100251
6.000000	0.100000
